148
CY030051.1 0.0000000 0.0000010 0.0113109 0.0062556 0.0000010 0.0241083 0.0201122 0.0189492 0.0176553 0.0138301 0.0189401 0.1648479 0.0163935 0.0000010 0.0012431 0.0130059 0.0103839 0.0012431 0.0012432 0.0129530 0.0241083 0.0064552 0.0062556 0.0000010 0.0012434 0.0074643 0.0049619 0.0163109 0.0112240 0.0087081 0.0239188 0.0157208 0.0318872 0.0228573 0.0345998 0.0254764 0.0254002 0.0254334 0.0306025 0.0319044 0.0267021 0.0241142 0.0332359 0.0228372 0.0766845 0.0697232 0.0724281 0.0696023 0.0254167 0.0242691 0.0228573 0.0241459 0.0228274 0.0228274 0.0241300 0.0215412 0.0228544 0.0228328 0.0292982 0.0215412 0.0293069 0.0254334 0.0228260 0.0292801 0.0228776 0.0307365 0.0294308 2.2690776 2.2732076 2.2732076 2.2773294 0.0150742 0.0100038 0.0164187 0.0215318 0.0202451 0.0164187 0.0189525 0.0176774 0.0150935 0.0266476 0.0151108 0.0628007 0.0722878 0.0252603 0.0291565 0.0241100 0.0278705 0.0279423 0.0356894 0.0330933 0.0422812 0.0239600 0.0226882 0.0239713 0.0138204 0.0384964 0.0292703 0.3281304 0.0697074 0.0475524 0.0318853 0.0450386 0.0640849 0.0137813 0.0681731 0.0112411 0.0561215 0.0112973 0.0680348 0.0810528 0.0331414 0.0741811 0.0077926 0.0112780 0.0456406 0.0665217 0.0712229 0.0694464 0.0099827 0.0613157 0.0628187 0.0750122 0.0641154 0.0643319 0.0812775 0.0708225 0.0695402 0.0239641 0.0266624 0.0333387 0.0225733 0.0318735 0.0341515 0.0354361 2.2118920 0.0137813 0.0180036 0.0292703 0.0352788 0.0205888 0.0206266 0.0404954 0.0345518 0.0150538 0.0150538 0.0318088 0.2211191 
CY030048.1 0.0000010 0.0000000 0.0113109 0.0062556 0.0000010 0.0241083 0.0202353 0.0189492 0.0176743 0.0138449 0.0189773 0.1648479 0.0163935 0.0000010 0.0012431 0.0130883 0.0104496 0.0012431 0.0012432 0.0130347 0.0241083 0.0064958 0.0062556 0.0000010 0.0012434 0.0075095 0.0049919 0.0163427 0.0112921 0.0087608 0.0240654 0.0158211 0.0318872 0.0228573 0.0345998 0.0254764 0.0254002 0.0254334 0.0306025 0.0319044 0.0267021 0.0241142 0.0332359 0.0228372 0.0768419 0.0701697 0.0725762 0.0697443 0.0254167 0.0242691 0.0228573 0.0241459 0.0228274 0.0228274 0.0241300 0.0215412 0.0228544 0.0228328 0.0292982 0.0215412 0.0293069 0.0254334 0.0228260 0.0292801 0.0228776 0.0307365 0.0294308 2.2304995 2.2346572 2.2346572 2.2388067 0.0151169 0.0100422 0.0164187 0.0215318 0.0202451 0.0164187 0.0189525 0.0176774 0.0150935 0.0266476 0.0151108 0.0628007 0.0724354 0.0254157 0.0293365 0.0241100 0.0280092 0.0279974 0.0359109 0.0332225 0.0424473 0.0241071 0.0228274 0.0241185 0.0138474 0.0384964 0.0293845 0.3281304 0.0697074 0.0478501 0.0319485 0.0451693 0.0640849 0.0138203 0.0681731 0.0113094 0.0561215 0.0113094 0.0681731 0.0810528 0.0332710 0.0741811 0.0077926 0.0113000 0.0456406 0.0669444 0.0712229 0.0694464 0.0100434 0.0614960 0.0628187 0.0711179 0.0642457 0.0643319 0.0813701 0.0682665 0.0695402 0.0239641 0.0266624 0.0333387 0.0225733 0.0318735 0.0341515 0.0354361 2.1725327 0.0138203 0.0180036 0.0293845 0.0352788 0.0205888 0.0206266 0.0404954 0.0345518 0.0151117 0.0151117 0.0319329 0.2211191 
CY030044.1 0.0113109 0.0113109 0.0000000 0.0062728 0.0113109 0.0227962 0.0189347 0.0176526 0.0163809 0.0125626 0.0176787 0.1730608 0.0151039 0.0113109 0.0125758 0.0104418 0.0078156 0.0125758 0.0125773 0.0130205 0.0227962 0.0078238 0.0062728 0.0113109 0.0125795 0.0037418 0.0087714 0.0163536 0.0100186 0.0125667 0.0227557 0.0131477 0.0305535 0.0215465 0.0332547 0.0241566 0.0240845 0.0241159 0.0266831 0.0279772 0.0253823 0.0228018 0.0292973 0.0215276 0.0753694 0.0687117 0.0711179 0.0682947 0.0241001 0.0229482 0.0215465 0.0228317 0.0215184 0.0215184 0.0228166 0.0202357 0.0215438 0.0215234 0.0253873 0.0202357 0.0253947 0.0241159 0.0215171 0.0279539 0.0215656 0.0282025 0.0268980 2.2117516 2.2159552 2.2159552 2.2201504 0.0138311 0.0100695 0.0151271 0.0189639 0.0215043 0.0151271 0.0202103 0.0189347 0.0138097 0.0253306 0.0138255 0.0613730 0.0709795 0.0215276 0.0280076 0.0227978 0.0266853 0.0266741 0.0345622 0.0292856 0.0410821 0.0227951 0.0215184 0.0228059 0.0125648 0.0345244 0.0242592 0.3285468 0.0682587 0.0464671 0.0306121 0.0437944 0.0626552 0.0125403 0.0667320 0.0113401 0.0547105 0.0113401 0.0667320 0.0795664 0.0345410 0.0727132 0.0117048 0.0113306 0.0442505 0.0655038 0.0697679 0.0679760 0.0100707 0.0600704 0.0613904 0.0696644 0.0628122 0.0628961 0.0798789 0.0668231 0.0680953 0.0254096 0.0240214 0.0307020 0.0240090 0.0319589 0.0342413 0.0355289 2.1592532 0.0125403 0.0206650 0.0242592 0.0312460 0.0192649 0.0166996 0.0364449 0.0306045 0.0138263 0.0138263 0.0280021 0.2232749 
CY030040.1 0.0062556 0.0062556 0.0062728 0.0000000 0.0062556 0.0215642 0.0163623 0.0150867 0.0138205 0.0100209 0.0151090 0.1665095 0.0125500 0.0062556 0.0075116 0.0091527 0.0065247 0.0075116 0.0075125 0.0117388 0.0215642 0.0012908 0.0000010 0.0062556 0.0075138 0.0024989 0.0037424 0.0137974 0.0074922 0.0075062 0.0201683 0.0118536 0.0279253 0.0189560 0.0306063 0.0215504 0.0214863 0.0215143 0.0254524 0.0267472 0.0227773 0.0202091 0.0292586 0.0189395 0.0725056 0.0658710 0.0682785 0.0654699 0.0215002 0.0203389 0.0189560 0.0202354 0.0189314 0.0189314 0.0202221 0.0176546 0.0189536 0.0189358 0.0253538 0.0176546 0.0253612 0.0215143 0.0189302 0.0253383 0.0189728 0.0241576 0.0228669 2.2277860 2.2319713 2.2319713 2.2361482 0.0112834 0.0037393 0.0125693 0.0176469 0.0189190 0.0125693 0.0176325 0.0163623 0.0112660 0.0227310 0.0112789 0.0585852 0.0681445 0.0214993 0.0253867 0.0202055 0.0240730 0.0240630 0.0319078 0.0280558 0.0384007 0.0202031 0.0189314 0.0202126 0.0100227 0.0332962 0.0228316 0.3304113 0.0654357 0.0437551 0.0279786 0.0410959 0.0598646 0.0100032 0.0639227 0.0049910 0.0519500 0.0049910 0.0639227 0.0766793 0.0318881 0.0698566 0.0064724 0.0049868 0.0415225 0.0626945 0.0669337 0.0651108 0.0037397 0.0572859 0.0586017 0.0668333 0.0600143 0.0600940 0.0769826 0.0640094 0.0652797 0.0185315 0.0198469 0.0264708 0.0171629 0.0250447 0.0273800 0.0286605 2.1719339 0.0100032 0.0140663 0.0228316 0.0299911 0.0166468 0.0166772 0.0351971 0.0293746 0.0112796 0.0112796 0.0267710 0.2229509 
CY030038.1 0.0000010 0.0000010 0.0113109 0.0062556 0.0000000 0.0241083 0.0200906 0.0189492 0.0176553 0.0138301 0.0189401 0.1648479 0.0163935 0.0000010 0.0012431 0.0129915 0.0103725 0.0012431 0.0012432 0.0129388 0.0241083 0.0064481 0.0062556 0.0000010 0.0012434 0.0074564 0.0049567 0.0163109 0.0112120 0.0086988 0.0238931 0.0157033 0.0318872 0.0228573 0.0345998 0.0254764 0.0254002 0.0254334 0.0306025 0.0319044 0.0267021 0.0241142 0.0332359 0.0228372 0.0766845 0.0696450 0.0724281 0.0696023 0.0254167 0.0242691 0.0228573 0.0241459 0.0228274 0.0228274 0.0241300 0.0215412 0.0228544 0.0228328 0.0292982 0.0215412 0.0293069 0.0254334 0.0228260 0.0292801 0.0228776 0.0307365 0.0294308 2.2690776 2.2732076 2.2732076 2.2773294 0.0150742 0.0100038 0.0164187 0.0215318 0.0202451 0.0164187 0.0189525 0.0176774 0.0150935 0.0266476 0.0151108 0.0628007 0.0722878 0.0252332 0.0291250 0.0241100 0.0278705 0.0279423 0.0356506 0.0330933 0.0422812 0.0239343 0.0226638 0.0239455 0.0138204 0.0384964 0.0292703 0.3281304 0.0697074 0.0475003 0.0318853 0.0450386 0.0640849 0.0137813 0.0681731 0.0112291 0.0561215 0.0112973 0.0680348 0.0810528 0.0331414 0.0741811 0.0077926 0.0112780 0.0456406 0.0664476 0.0712229 0.0694464 0.0099721 0.0613157 0.0628187 0.0750122 0.0641154 0.0643319 0.0812775 0.0708225 0.0695402 0.0239641 0.0266624 0.0333387 0.0225733 0.0318735 0.0341515 0.0354361 2.2118920 0.0137813 0.0180036 0.0292703 0.0352788 0.0205888 0.0206266 0.0404954 0.0345518 0.0150538 0.0150538 0.0318088 0.2211191 
CY030006.1 0.0241083 0.0241083 0.0227962 0.0215642 0.0241083 0.0000000 0.0240314 0.0227409 0.0214635 0.0176222 0.0227746 0.1691552 0.0201782 0.0241083 0.0253938 0.0236970 0.0183629 0.0253938 0.0253968 0.0235993 0.0000010 0.0210406 0.0215642 0.0241083 0.0254013 0.0189179 0.0215064 0.0292125 0.0227580 0.0253756 0.0201699 0.0238194 0.0331123 0.0240904 0.0358267 0.0267094 0.0266297 0.0266645 0.0292355 0.0305322 0.0279311 0.0253448 0.0370750 0.0240693 0.0796951 0.0713840 0.0737835 0.0709530 0.0266470 0.0255071 0.0240904 0.0253780 0.0240590 0.0240590 0.0253614 0.0227736 0.0240873 0.0240646 0.0305256 0.0227736 0.0305346 0.0266645 0.0240575 0.0305068 0.0241117 0.0467539 0.0454164 2.2044824 2.2087044 2.2087044 2.2129179 0.0266595 0.0254548 0.0202093 0.0253339 0.0240432 0.0202093 0.0227449 0.0214672 0.0266176 0.0252994 0.0188900 0.0640122 0.0736413 0.0266459 0.0305655 0.0253403 0.0292379 0.0292256 0.0371369 0.0318445 0.0436674 0.0253374 0.0240590 0.0253494 0.0176252 0.0370963 0.0294242 0.3252671 0.0709155 0.0464096 0.0357862 0.0463896 0.0652941 0.0278986 0.0693794 0.0267559 0.0573392 0.0267559 0.0693794 0.0809302 0.0344982 0.0753915 0.0249568 0.0267327 0.0441951 0.0681540 0.0724316 0.0706733 0.0254577 0.0627096 0.0640305 0.0723256 0.0654577 0.0655455 0.0825780 0.0694745 0.0707455 0.0419519 0.0432861 0.0500636 0.0404899 0.0457351 0.0451513 0.0464410 2.1481237 0.0278986 0.0339109 0.0294242 0.0338633 0.0218418 0.0244964 0.0390638 0.0331677 0.0163461 0.0163461 0.0305594 0.2256483 
EU124178.1 0.0201122 0.0202353 0.0189347 0.0163623 0.0200906 0.0240314 0.0000000 0.0037392 0.0024885 0.0137862 0.0037374 0.1661957 0.0163414 0.0213017 0.0215141 0.0181760 0.0155483 0.0215141 0.0215166 0.0207222 0.0240314 0.0168090 0.0163623 0.0202353 0.0215204 0.0149431 0.0149998 0.0227057 0.0162402 0.0187600 0.0187436 0.0209237 0.0266135 0.0176642 0.0292841 0.0202504 0.0201902 0.0202165 0.0227679 0.0240529 0.0214776 0.0189159 0.0279213 0.0176487 0.0697835 0.0612588 0.0639987 0.0639262 0.0202032 0.0190375 0.0176642 0.0189406 0.0176412 0.0176412 0.0189281 0.0163675 0.0176619 0.0176453 0.0240477 0.0163675 0.0240548 0.0202165 0.0176402 0.0240331 0.0176798 0.0385667 0.0372494 2.2574725 2.2615080 2.2615080 2.2655358 0.0201555 0.0201281 0.0112944 0.0112822 0.0125435 0.0112944 0.0112731 0.0100140 0.0201813 0.0214341 0.0150628 0.0571903 0.0665899 0.0199883 0.0251121 0.0189126 0.0226577 0.0227157 0.0303265 0.0252527 0.0369170 0.0187320 0.0174749 0.0187190 0.0087390 0.0331486 0.0240249 0.3314346 0.0640224 0.0419920 0.0291935 0.0396333 0.0557768 0.0213922 0.0598119 0.0212635 0.0505695 0.0214684 0.0596915 0.0752329 0.0304452 0.0684261 0.0209449 0.0214312 0.0401595 0.0580115 0.0627899 0.0609202 0.0199939 0.0557300 0.0572064 0.0692891 0.0584961 0.0586917 0.0754459 0.0651460 0.0611612 0.0348528 0.0361779 0.0428916 0.0334232 0.0413793 0.0449444 0.0462288 2.2036644 0.0213922 0.0311070 0.0240249 0.0272137 0.0153415 0.0153694 0.0323898 0.0266576 0.0099724 0.0099724 0.0239814 0.2225219 
EU124076.1 0.0189492 0.0189492 0.0176526 0.0150867 0.0189492 0.0227409 0.0037392 0.0000000 0.0012442 0.0125323 0.0024937 0.1645648 0.0150674 0.0189492 0.0202257 0.0170457 0.0143942 0.0202257 0.0202281 0.0196200 0.0227409 0.0156698 0.0150867 0.0189492 0.0202317 0.0138124 0.0138328 0.0214622 0.0150814 0.0176564 0.0175996 0.0198126 0.0253175 0.0163840 0.0279790 0.0189634 0.0189071 0.0189317 0.0240443 0.0253310 0.0201915 0.0176350 0.0266219 0.0163697 0.0712797 0.0630599 0.0654690 0.0626745 0.0189192 0.0177484 0.0163840 0.0176580 0.0163627 0.0163627 0.0176463 0.0150915 0.0163819 0.0163665 0.0227563 0.0150915 0.0227630 0.0189317 0.0163617 0.0227425 0.0163985 0.0372382 0.0359235 2.2211496 2.2252438 2.2252438 2.2293301 0.0189282 0.0189216 0.0100283 0.0100174 0.0112765 0.0100283 0.0100094 0.0087525 0.0188987 0.0201506 0.0137921 0.0558252 0.0653395 0.0189184 0.0227858 0.0176319 0.0214804 0.0214715 0.0292748 0.0266308 0.0357421 0.0176298 0.0163627 0.0176381 0.0074968 0.0318373 0.0228228 0.3332830 0.0626420 0.0410674 0.0279475 0.0384212 0.0571020 0.0201684 0.0611422 0.0202045 0.0492158 0.0202045 0.0611422 0.0738243 0.0292568 0.0670305 0.0196130 0.0201873 0.0388188 0.0599138 0.0641291 0.0622756 0.0189238 0.0545290 0.0558408 0.0640319 0.0572446 0.0573201 0.0741183 0.0612246 0.0624932 0.0334721 0.0347962 0.0415013 0.0320479 0.0399966 0.0435707 0.0448547 2.1665344 0.0201684 0.0297762 0.0228228 0.0285237 0.0140470 0.0140726 0.0337020 0.0279405 0.0087494 0.0087494 0.0253534 0.2207414 
EU124075.1 0.0176553 0.0176743 0.0163809 0.0138205 0.0176553 0.0214635 0.0024885 0.0012442 0.0000000 0.0112597 0.0012447 0.1630301 0.0138028 0.0176553 0.0189492 0.0157063 0.0130621 0.0189492 0.0189514 0.0182792 0.0214635 0.0143383 0.0138205 0.0176743 0.0189547 0.0125352 0.0125536 0.0201647 0.0138008 0.0163669 0.0163143 0.0184583 0.0240358 0.0151138 0.0266896 0.0176875 0.0176350 0.0176580 0.0227638 0.0240486 0.0189171 0.0163646 0.0253375 0.0151006 0.0698342 0.0616358 0.0640449 0.0612586 0.0176463 0.0164700 0.0151138 0.0163859 0.0150942 0.0150942 0.0163751 0.0138248 0.0151119 0.0150976 0.0214779 0.0138248 0.0214842 0.0176580 0.0150933 0.0214649 0.0151271 0.0359301 0.0346174 2.2125185 2.2166004 2.2166004 2.2206746 0.0176357 0.0176296 0.0087690 0.0087595 0.0100170 0.0087690 0.0087525 0.0074973 0.0176272 0.0188789 0.0125301 0.0544901 0.0639178 0.0176266 0.0214825 0.0163617 0.0201818 0.0201735 0.0279531 0.0253186 0.0344052 0.0163423 0.0150780 0.0163499 0.0062366 0.0305435 0.0215174 0.3313463 0.0612952 0.0397139 0.0266307 0.0370751 0.0557664 0.0188752 0.0598007 0.0189089 0.0478887 0.0189089 0.0597344 0.0724557 0.0279359 0.0656711 0.0182930 0.0188929 0.0374994 0.0585064 0.0627781 0.0609086 0.0176316 0.0531356 0.0545053 0.0626124 0.0558437 0.0559792 0.0726632 0.0598147 0.0611498 0.0321107 0.0334345 0.0401345 0.0306913 0.0386365 0.0422213 0.0435055 2.1580666 0.0188752 0.0284624 0.0215174 0.0272087 0.0127616 0.0127847 0.0323839 0.0266528 0.0074867 0.0074867 0.0240439 0.2190977 
EU124071.1 0.0138301 0.0138449 0.0125626 0.0100209 0.0138301 0.0176222 0.0137862 0.0125323 0.0112597 0.0000000 0.0125373 0.1644578 0.0049882 0.0138301 0.0151134 0.0143760 0.0117385 0.0151134 0.0151152 0.0169484 0.0176222 0.0103952 0.0100209 0.0138449 0.0151178 0.0087482 0.0087611 0.0163342 0.0100068 0.0125519 0.0150379 0.0171142 0.0227380 0.0138345 0.0253819 0.0164006 0.0163520 0.0163732 0.0214682 0.0227500 0.0176307 0.0150842 0.0266283 0.0138224 0.0684123 0.0602335 0.0626430 0.0598643 0.0163624 0.0151814 0.0138345 0.0151038 0.0138166 0.0138166 0.0150939 0.0125501 0.0138328 0.0138198 0.0201855 0.0125501 0.0201914 0.0163732 0.0138158 0.0201733 0.0138467 0.0346217 0.0333110 2.1903606 2.1945229 2.1945229 2.1986770 0.0138147 0.0138099 0.0100235 0.0150777 0.0163441 0.0100235 0.0150654 0.0138010 0.0138081 0.0175951 0.0037359 0.0531128 0.0625182 0.0163442 0.0201898 0.0150816 0.0188933 0.0188856 0.0266439 0.0240179 0.0330826 0.0150637 0.0138018 0.0150707 0.0074853 0.0292283 0.0202225 0.3272508 0.0599001 0.0383761 0.0253259 0.0357441 0.0543876 0.0150546 0.0584124 0.0150813 0.0465252 0.0150813 0.0583476 0.0710281 0.0266274 0.0642590 0.0143279 0.0150686 0.0361525 0.0571199 0.0586685 0.0594928 0.0138114 0.0517616 0.0531275 0.0612149 0.0544629 0.0545948 0.0712326 0.0584258 0.0597582 0.0293790 0.0307015 0.0373878 0.0279695 0.0359040 0.0381406 0.0394238 2.1319264 0.0150546 0.0245042 0.0202225 0.0258748 0.0114688 0.0140657 0.0310424 0.0253469 0.0062301 0.0062301 0.0227456 0.2205810 
EU124070.1 0.0189401 0.0189773 0.0176787 0.0151090 0.0189401 0.0227746 0.0037374 0.0024937 0.0012447 0.0125373 0.0000000 0.1648380 0.0150896 0.0189401 0.0202557 0.0170372 0.0143870 0.0202557 0.0202581 0.0196103 0.0227746 0.0156620 0.0151090 0.0189773 0.0202617 0.0138059 0.0138262 0.0214518 0.0150742 0.0176480 0.0175912 0.0198027 0.0253551 0.0164082 0.0280208 0.0189915 0.0189350 0.0189597 0.0240800 0.0253686 0.0202214 0.0176610 0.0266615 0.0163939 0.0712437 0.0630282 0.0654362 0.0626432 0.0189472 0.0177748 0.0164082 0.0176841 0.0163869 0.0163869 0.0176724 0.0151138 0.0164061 0.0163907 0.0227901 0.0151138 0.0227967 0.0189597 0.0163859 0.0227762 0.0164227 0.0372942 0.0359775 2.2230102 2.2270928 2.2270928 2.2311675 0.0189191 0.0189125 0.0100430 0.0100322 0.0112931 0.0100430 0.0100241 0.0087654 0.0189266 0.0201804 0.0138124 0.0559100 0.0653068 0.0189093 0.0227748 0.0176580 0.0214701 0.0214612 0.0292606 0.0266180 0.0357247 0.0176214 0.0163549 0.0176297 0.0074932 0.0318848 0.0228118 0.3339514 0.0627376 0.0410473 0.0279340 0.0384024 0.0571887 0.0201587 0.0612352 0.0201948 0.0492904 0.0202127 0.0611117 0.0739382 0.0292426 0.0671335 0.0196430 0.0201776 0.0388776 0.0598839 0.0628107 0.0623721 0.0189147 0.0545019 0.0559257 0.0639998 0.0572161 0.0574074 0.0741489 0.0611941 0.0625883 0.0335246 0.0348507 0.0415663 0.0320981 0.0400590 0.0436381 0.0449240 2.1685534 0.0201587 0.0298214 0.0228118 0.0285670 0.0140681 0.0140937 0.0337531 0.0279821 0.0087453 0.0087453 0.0253412 0.2211264 
AF450246.1 0.1648479 0.1648479 0.1730608 0.1665095 0.1648479 0.1691552 0.1661957 0.1645648 0.1630301 0.1644578 0.1648380 0.0000000 0.1676671 0.1648479 0.1663871 0.1709589 0.1708698 0.1663871 0.1664112 0.1734147 0.1691552 0.1701314 0.1665095 0.1648479 0.1664458 0.1679814 0.1628622 0.1705728 0.1709698 0.1676726 0.1599453 0.1769067 0.1570241 0.1516477 0.1567521 0.1549863 0.1530972 0.1516157 0.1577149 0.1561752 0.1547073 0.1498924 0.1636910 0.1515179 0.1389230 0.1390876 0.1343438 0.1319230 0.1515272 0.1539192 0.1516477 0.1531813 0.1483664 0.1483664 0.1500185 0.1498924 0.1485610 0.1514824 0.1550838 0.1498924 0.1582349 0.1546955 0.1483563 0.1538745 0.1502012 0.1872153 0.1870086 2.2035457 2.2073563 2.2073563 2.2111602 0.1727334 0.1714598 0.1648153 0.1679179 0.1680596 0.1648153 0.1677356 0.1661957 0.1757497 0.1662429 0.1659590 0.1282736 0.1220949 0.1535447 0.1547668 0.1498610 0.1556023 0.1502198 0.1552081 0.1609191 0.1644019 0.1529088 0.1500559 0.1516171 0.1613688 0.1689065 0.1583766 0.2412238 0.1318422 0.1358621 0.1488687 0.1419503 0.1294822 0.1726837 0.1323383 0.1699328 0.1375863 0.1730983 0.1323383 0.1431343 0.1488110 0.1370259 0.1704037 0.1714501 0.1450981 0.1351909 0.1348362 0.1332510 0.1714837 0.1375501 0.1342923 0.1334205 0.1359260 0.1361372 0.1245576 0.1342748 0.1338258 0.1895588 0.1912896 0.1989626 0.1859063 0.1953903 0.1942259 0.1955609 2.1492747 0.1726837 0.1797238 0.1583766 0.1631432 0.1630054 0.1697742 0.1688551 0.1625789 0.1597282 0.1597282 0.1594241 0.0733587 
EU516100.1 0.0163935 0.0163935 0.0151039 0.0125500 0.0163935 0.0201782 0.0163414 0.0150674 0.0138028 0.0049882 0.0150896 0.1676671 0.0000000 0.0163935 0.0176661 0.0170426 0.0143915 0.0176661 0.0176681 0.0196164 0.0201782 0.0130342 0.0125500 0.0163935 0.0176712 0.0112811 0.0112977 0.0189035 0.0125456 0.0151072 0.0175965 0.0198090 0.0253131 0.0163812 0.0279742 0.0189601 0.0189038 0.0189284 0.0240401 0.0253266 0.0201880 0.0176319 0.0292209 0.0163669 0.0685136 0.0614792 0.0627348 0.0626632 0.0189159 0.0177453 0.0163812 0.0176549 0.0163599 0.0163599 0.0176433 0.0150889 0.0163791 0.0163637 0.0201918 0.0150889 0.0201977 0.0189284 0.0163589 0.0227386 0.0163956 0.0359441 0.0346308 2.2130900 2.2172670 2.2172670 2.2214357 0.0163752 0.0163695 0.0125532 0.0176243 0.0188948 0.0125532 0.0176099 0.0163414 0.0163498 0.0201472 0.0062382 0.0558152 0.0653277 0.0189152 0.0227818 0.0176289 0.0214767 0.0214678 0.0292697 0.0266262 0.0357359 0.0176268 0.0163599 0.0176351 0.0100099 0.0318317 0.0228188 0.3314865 0.0626307 0.0410602 0.0279426 0.0384144 0.0570917 0.0176160 0.0584325 0.0176475 0.0492071 0.0176475 0.0584325 0.0738108 0.0292517 0.0656467 0.0143325 0.0150894 0.0374858 0.0599030 0.0641175 0.0608858 0.0163714 0.0545192 0.0558308 0.0640203 0.0572343 0.0573097 0.0741047 0.0612136 0.0597788 0.0293889 0.0307118 0.0374005 0.0279789 0.0359161 0.0395011 0.0407847 2.1546734 0.0176160 0.0258228 0.0228188 0.0271989 0.0127570 0.0153612 0.0323722 0.0279356 0.0087479 0.0087479 0.0253490 0.2257588 
CY032645.1 0.0000010 0.0000010 0.0113109 0.0062556 0.0000010 0.0241083 0.0213017 0.0189492 0.0176553 0.0138301 0.0189401 0.1648479 0.0163935 0.0000000 0.0012431 0.0142597 0.0116437 0.0012431 0.0012432 0.0142019 0.0241083 0.0077210 0.0062556 0.0000010 0.0012434 0.0086911 0.0049567 0.0163109 0.0112120 0.0099323 0.0238931 0.0169747 0.0318872 0.0228573 0.0345998 0.0254764 0.0254002 0.0254334 0.0306025 0.0319044 0.0267021 0.0241142 0.0332359 0.0228372 0.0766845 0.0696450 0.0724281 0.0696023 0.0254167 0.0242691 0.0228573 0.0241459 0.0228274 0.0228274 0.0241300 0.0215412 0.0228544 0.0228328 0.0292982 0.0215412 0.0293069 0.0254334 0.0228260 0.0292801 0.0228776 0.0307365 0.0294308 2.2690776 2.2732076 2.2732076 2.2773294 0.0150742 0.0100038 0.0164187 0.0215318 0.0202451 0.0164187 0.0189525 0.0176774 0.0150935 0.0266476 0.0151108 0.0628007 0.0722878 0.0264392 0.0316363 0.0241100 0.0278705 0.0279423 0.0369334 0.0330933 0.0422812 0.0251706 0.0239007 0.0251530 0.0138204 0.0384964 0.0292703 0.3281304 0.0697074 0.0487391 0.0318853 0.0450386 0.0640849 0.0137813 0.0681731 0.0124508 0.0561215 0.0112973 0.0680348 0.0810528 0.0331414 0.0741811 0.0077926 0.0112780 0.0456406 0.0676880 0.0712229 0.0694464 0.0111953 0.0613157 0.0628187 0.0750122 0.0641154 0.0643319 0.0812775 0.0708225 0.0695402 0.0239641 0.0266624 0.0333387 0.0225733 0.0318735 0.0341515 0.0354361 2.2118920 0.0137813 0.0180036 0.0292703 0.0352788 0.0205888 0.0206266 0.0404954 0.0345518 0.0150538 0.0150538 0.0318088 0.2211191 
CY032622.1 0.0012431 0.0012431 0.0125758 0.0075116 0.0012431 0.0253938 0.0215141 0.0202257 0.0189492 0.0151134 0.0202557 0.1663871 0.0176661 0.0012431 0.0000000 0.0144069 0.0117637 0.0024877 0.0024880 0.0143479 0.0253938 0.0078002 0.0075116 0.0012431 0.0024884 0.0087668 0.0062439 0.0176113 0.0125549 0.0100189 0.0253486 0.0171512 0.0331846 0.0241430 0.0359051 0.0267679 0.0266878 0.0267227 0.0318986 0.0332026 0.0279920 0.0254001 0.0345371 0.0241219 0.0782200 0.0715416 0.0739457 0.0711089 0.0267052 0.0255631 0.0241430 0.0254334 0.0241115 0.0241115 0.0254167 0.0228233 0.0241400 0.0241171 0.0305922 0.0228233 0.0306013 0.0267227 0.0241100 0.0305733 0.0241645 0.0320386 0.0307309 2.2314905 2.2356307 2.2356307 2.2397628 0.0163874 0.0113049 0.0176933 0.0228134 0.0215246 0.0176933 0.0202293 0.0189525 0.0163619 0.0279349 0.0163807 0.0641526 0.0738029 0.0267041 0.0306323 0.0253956 0.0293017 0.0292894 0.0372182 0.0345232 0.0437628 0.0253926 0.0241115 0.0254047 0.0151161 0.0398061 0.0306825 0.3300657 0.0710712 0.0491764 0.0332485 0.0464911 0.0654372 0.0150865 0.0695314 0.0125743 0.0574652 0.0125743 0.0695314 0.0824390 0.0345736 0.0755578 0.0090975 0.0125637 0.0469766 0.0683036 0.0725909 0.0708309 0.0113062 0.0628473 0.0641710 0.0724845 0.0656014 0.0656896 0.0827605 0.0696269 0.0709005 0.0253131 0.0280150 0.0346964 0.0239177 0.0332246 0.0354893 0.0367737 2.1737856 0.0150865 0.0193026 0.0306825 0.0366103 0.0218902 0.0219305 0.0418300 0.0358553 0.0163817 0.0163817 0.0332322 0.2227676 
CY032128.1 0.0130059 0.0130883 0.0104418 0.0091527 0.0129915 0.0236970 0.0181760 0.0170457 0.0157063 0.0143760 0.0170372 0.1709589 0.0170426 0.0142597 0.0144069 0.0000000 0.0049804 0.0144069 0.0144087 0.0099883 0.0236970 0.0100339 0.0091527 0.0130883 0.0144113 0.0064350 0.0103622 0.0183059 0.0116504 0.0103373 0.0221854 0.0100496 0.0318109 0.0237691 0.0346300 0.0264961 0.0250727 0.0251099 0.0291273 0.0304779 0.0250820 0.0250757 0.0345714 0.0237475 0.0769730 0.0696951 0.0740762 0.0710015 0.0264316 0.0252430 0.0237691 0.0251099 0.0237368 0.0237368 0.0250928 0.0223986 0.0237660 0.0223986 0.0304710 0.0223986 0.0304804 0.0264496 0.0237353 0.0304514 0.0237911 0.0348290 0.0334601 2.2329069 2.2373659 2.2373659 2.2418153 0.0156687 0.0130678 0.0170699 0.0223885 0.0237207 0.0170699 0.0223693 0.0210391 0.0156895 0.0250289 0.0157083 0.0653881 0.0752812 0.0261374 0.0315315 0.0250711 0.0289798 0.0290574 0.0370316 0.0317162 0.0439846 0.0248207 0.0235028 0.0248027 0.0130468 0.0359586 0.0291712 0.3270946 0.0725957 0.0492956 0.0345180 0.0454852 0.0653765 0.0130100 0.0696377 0.0142889 0.0584266 0.0144319 0.0694906 0.0829305 0.0371836 0.0728781 0.0149335 0.0144060 0.0461146 0.0675967 0.0710965 0.0709933 0.0129774 0.0638347 0.0654076 0.0766300 0.0667571 0.0669922 0.0846899 0.0737487 0.0710628 0.0293523 0.0307361 0.0377321 0.0278777 0.0347553 0.0371049 0.0384461 2.1902846 0.0130100 0.0228922 0.0291712 0.0339497 0.0214215 0.0214625 0.0393718 0.0332231 0.0156467 0.0156467 0.0303830 0.2284910 
CY032123.1 0.0103839 0.0104496 0.0078156 0.0065247 0.0103725 0.0183629 0.0155483 0.0143942 0.0130621 0.0117385 0.0143870 0.1708698 0.0143915 0.0116437 0.0117637 0.0049804 0.0000000 0.0117637 0.0117651 0.0074768 0.0183629 0.0075111 0.0065247 0.0104496 0.0117673 0.0038534 0.0077562 0.0156591 0.0090434 0.0077376 0.0169032 0.0075226 0.0291002 0.0210850 0.0319002 0.0237977 0.0223877 0.0224209 0.0264250 0.0277705 0.0223960 0.0223904 0.0318461 0.0210658 0.0740648 0.0668207 0.0711801 0.0681239 0.0237398 0.0225400 0.0210850 0.0224209 0.0210564 0.0210564 0.0224056 0.0197233 0.0210822 0.0197233 0.0277643 0.0197233 0.0277728 0.0237560 0.0210551 0.0277465 0.0211044 0.0320836 0.0307198 2.2188720 2.2233299 2.2233299 2.2277782 0.0130309 0.0104335 0.0144146 0.0197143 0.0210421 0.0144146 0.0196975 0.0183718 0.0130483 0.0223487 0.0130638 0.0625296 0.0723871 0.0234761 0.0288449 0.0223863 0.0262915 0.0263618 0.0343159 0.0290136 0.0412330 0.0221632 0.0208492 0.0221471 0.0104165 0.0332262 0.0264655 0.3278953 0.0697056 0.0465338 0.0317971 0.0427201 0.0625185 0.0130054 0.0667633 0.0116678 0.0555914 0.0117843 0.0666225 0.0799898 0.0344563 0.0699761 0.0121928 0.0117632 0.0433099 0.0647549 0.0682150 0.0680602 0.0103614 0.0609875 0.0625481 0.0737336 0.0638954 0.0641196 0.0817352 0.0708643 0.0681829 0.0264999 0.0278820 0.0348620 0.0250363 0.0319065 0.0342837 0.0356244 2.1760788 0.0130054 0.0201574 0.0264655 0.0311678 0.0187051 0.0187408 0.0365792 0.0305023 0.0130127 0.0130127 0.0276843 0.2283553 
CY032104.1 0.0012431 0.0012431 0.0125758 0.0075116 0.0012431 0.0253938 0.0215141 0.0202257 0.0189492 0.0151134 0.0202557 0.1663871 0.0176661 0.0012431 0.0024877 0.0144069 0.0117637 0.0000000 0.0024880 0.0143479 0.0253938 0.0078002 0.0075116 0.0012431 0.0024884 0.0087668 0.0062439 0.0176113 0.0125549 0.0100189 0.0253486 0.0171512 0.0305824 0.0241430 0.0359051 0.0267679 0.0266878 0.0267227 0.0318986 0.0332026 0.0279920 0.0254001 0.0345371 0.0241219 0.0782200 0.0715416 0.0739457 0.0711089 0.0267052 0.0255631 0.0241430 0.0254334 0.0241115 0.0241115 0.0254167 0.0228233 0.0241400 0.0241171 0.0305922 0.0228233 0.0306013 0.0267227 0.0241100 0.0279803 0.0241645 0.0320386 0.0307309 2.2346572 2.2388067 2.2388067 2.2429480 0.0163874 0.0113049 0.0176933 0.0228134 0.0215246 0.0176933 0.0202293 0.0189525 0.0163619 0.0279349 0.0163807 0.0641526 0.0738029 0.0267041 0.0306323 0.0253956 0.0293017 0.0292894 0.0372182 0.0345232 0.0437628 0.0228166 0.0241115 0.0254047 0.0151161 0.0398061 0.0306825 0.3300657 0.0710712 0.0491764 0.0332485 0.0464911 0.0654372 0.0150865 0.0695314 0.0125743 0.0574652 0.0125743 0.0695314 0.0824390 0.0345736 0.0755578 0.0090975 0.0125637 0.0469766 0.0683036 0.0725909 0.0708309 0.0113062 0.0628473 0.0641710 0.0724845 0.0656014 0.0656896 0.0827605 0.0696269 0.0709005 0.0253131 0.0280150 0.0346964 0.0239177 0.0332246 0.0354893 0.0367737 2.1768496 0.0150865 0.0193026 0.0306825 0.0366103 0.0218902 0.0219305 0.0418300 0.0358553 0.0138393 0.0138393 0.0332322 0.2227676 
CY032090.1 0.0012432 0.0012432 0.0125773 0.0075125 0.0012432 0.0253968 0.0215166 0.0202281 0.0189514 0.0151152 0.0202581 0.1664112 0.0176681 0.0012432 0.0024880 0.0144087 0.0117651 0.0024880 0.0000000 0.0143496 0.0253968 0.0078011 0.0075125 0.0012432 0.0024887 0.0087678 0.0062446 0.0176133 0.0125564 0.0100200 0.0253516 0.0171533 0.0331885 0.0241459 0.0359094 0.0267710 0.0266909 0.0267259 0.0319025 0.0332065 0.0279954 0.0254031 0.0345413 0.0241247 0.0754513 0.0715507 0.0739551 0.0711179 0.0267084 0.0255661 0.0241459 0.0254364 0.0241143 0.0241143 0.0254198 0.0228260 0.0241428 0.0241200 0.0305959 0.0228260 0.0306049 0.0267259 0.0241128 0.0305770 0.0241673 0.0320425 0.0307346 2.2314915 2.2356281 2.2356281 2.2397566 0.0163893 0.0113062 0.0176954 0.0228161 0.0215271 0.0176954 0.0202317 0.0189547 0.0163638 0.0253574 0.0163826 0.0641607 0.0738123 0.0267072 0.0306359 0.0253986 0.0293052 0.0292929 0.0372226 0.0345273 0.0437681 0.0253956 0.0241143 0.0254077 0.0151179 0.0398109 0.0306861 0.3301267 0.0710802 0.0491824 0.0332524 0.0464967 0.0654454 0.0150883 0.0695402 0.0125757 0.0574723 0.0125757 0.0695402 0.0824496 0.0345777 0.0755675 0.0090986 0.0125652 0.0469824 0.0683122 0.0726001 0.0708400 0.0113075 0.0628552 0.0641791 0.0724937 0.0656097 0.0656979 0.0827712 0.0696357 0.0709094 0.0253162 0.0280185 0.0347007 0.0239206 0.0332287 0.0354936 0.0367783 2.1738365 0.0150883 0.0193049 0.0306861 0.0366148 0.0218928 0.0219331 0.0418352 0.0358596 0.0163836 0.0163836 0.0332362 0.2228024 
CY032053.1 0.0129530 0.0130347 0.0130205 0.0117388 0.0129388 0.0235993 0.0207222 0.0196200 0.0182792 0.0169484 0.0196103 0.1734147 0.0196164 0.0142019 0.0143479 0.0099883 0.0074768 0.0143479 0.0143496 0.0000000 0.0235993 0.0125128 0.0117388 0.0130347 0.0143522 0.0089875 0.0129215 0.0208700 0.0142050 0.0128905 0.0247349 0.0100421 0.0343761 0.0263449 0.0372006 0.0290733 0.0276435 0.0276844 0.0316964 0.0330459 0.0276537 0.0276468 0.0371379 0.0263210 0.0795120 0.0722379 0.0766181 0.0735413 0.0290029 0.0278302 0.0263449 0.0276844 0.0263092 0.0263092 0.0276656 0.0249721 0.0263414 0.0249721 0.0330384 0.0249721 0.0330486 0.0290225 0.0263075 0.0330172 0.0263691 0.0374133 0.0360456 2.2238063 2.2282114 2.2282114 2.2326073 0.0182356 0.0156429 0.0196478 0.0249609 0.0236227 0.0196478 0.0222771 0.0209524 0.0182598 0.0275952 0.0182815 0.0679367 0.0778158 0.0286808 0.0340750 0.0276417 0.0303117 0.0316205 0.0395781 0.0342742 0.0465334 0.0273663 0.0260504 0.0273465 0.0156181 0.0385257 0.0317434 0.3367598 0.0751393 0.0518300 0.0370806 0.0480397 0.0679248 0.0181998 0.0721810 0.0168456 0.0609862 0.0170138 0.0720289 0.0825667 0.0370283 0.0754308 0.0148701 0.0169833 0.0487029 0.0701204 0.0736393 0.0735822 0.0155349 0.0663804 0.0679571 0.0791603 0.0693024 0.0695461 0.0872334 0.0762819 0.0736044 0.0320631 0.0334419 0.0404200 0.0305848 0.0374372 0.0397499 0.0410853 2.1815955 0.0181998 0.0255206 0.0317434 0.0365723 0.0240388 0.0213723 0.0419797 0.0357915 0.0182100 0.0182100 0.0329433 0.2308639 
CY031994.1 0.0241083 0.0241083 0.0227962 0.0215642 0.0241083 0.0000010 0.0240314 0.0227409 0.0214635 0.0176222 0.0227746 0.1691552 0.0201782 0.0241083 0.0253938 0.0236970 0.0183629 0.0253938 0.0253968 0.0235993 0.0000000 0.0210406 0.0215642 0.0241083 0.0254013 0.0189179 0.0215064 0.0292125 0.0227580 0.0253756 0.0201699 0.0238194 0.0331123 0.0240904 0.0358267 0.0267094 0.0266297 0.0266645 0.0292355 0.0305322 0.0279311 0.0253448 0.0370750 0.0240693 0.0796951 0.0713840 0.0737835 0.0709530 0.0266470 0.0255071 0.0240904 0.0253780 0.0240590 0.0240590 0.0253614 0.0227736 0.0240873 0.0240646 0.0305256 0.0227736 0.0305346 0.0266645 0.0240575 0.0305068 0.0241117 0.0467539 0.0454164 2.2044824 2.2087044 2.2087044 2.2129179 0.0266595 0.0254548 0.0202093 0.0253339 0.0240432 0.0202093 0.0227449 0.0214672 0.0266176 0.0252994 0.0188900 0.0640122 0.0736413 0.0266459 0.0305655 0.0253403 0.0292379 0.0292256 0.0371369 0.0318445 0.0436674 0.0253374 0.0240590 0.0253494 0.0176252 0.0370963 0.0294242 0.3252671 0.0709155 0.0464096 0.0357862 0.0463896 0.0652941 0.0278986 0.0693794 0.0267559 0.0573392 0.0267559 0.0693794 0.0809302 0.0344982 0.0753915 0.0249568 0.0267327 0.0441951 0.0681540 0.0724316 0.0706733 0.0254577 0.0627096 0.0640305 0.0723256 0.0654577 0.0655455 0.0825780 0.0694745 0.0707455 0.0419519 0.0432861 0.0500636 0.0404899 0.0457351 0.0451513 0.0464410 2.1481237 0.0278986 0.0339109 0.0294242 0.0338633 0.0218418 0.0244964 0.0390638 0.0331677 0.0163461 0.0163461 0.0305594 0.2256483 
CY031977.1 0.0064552 0.0064958 0.0078238 0.0012908 0.0064481 0.0210406 0.0168090 0.0156698 0.0143383 0.0103952 0.0156620 0.1701314 0.0130342 0.0077210 0.0078002 0.0100339 0.0075111 0.0078002 0.0078011 0.0125128 0.0210406 0.0000000 0.0012908 0.0064958 0.0078025 0.0038575 0.0038574 0.0143005 0.0077227 0.0038482 0.0207949 0.0126302 0.0276723 0.0196926 0.0304548 0.0223905 0.0209914 0.0210223 0.0264483 0.0277947 0.0236635 0.0209939 0.0304033 0.0196747 0.0737602 0.0665471 0.0708878 0.0665020 0.0223362 0.0211339 0.0196926 0.0210223 0.0196660 0.0196660 0.0210080 0.0183390 0.0196900 0.0183390 0.0263421 0.0183390 0.0263501 0.0223515 0.0196647 0.0263254 0.0197107 0.0264450 0.0251007 2.2407313 2.2451659 2.2451659 2.2495909 0.0116840 0.0051604 0.0130549 0.0183308 0.0196526 0.0130549 0.0183152 0.0169954 0.0116995 0.0236136 0.0117134 0.0609330 0.0707448 0.0220891 0.0274304 0.0209900 0.0248829 0.0249492 0.0328716 0.0290385 0.0397512 0.0207816 0.0194732 0.0207666 0.0090804 0.0332537 0.0236006 0.3256053 0.0680725 0.0450325 0.0303568 0.0412271 0.0622628 0.0116613 0.0664899 0.0064126 0.0540261 0.0064759 0.0663502 0.0783013 0.0330055 0.0683357 0.0080830 0.0064645 0.0417940 0.0644921 0.0679353 0.0677762 0.0051251 0.0594014 0.0609510 0.0720866 0.0622935 0.0625111 0.0800341 0.0692314 0.0679035 0.0206823 0.0220515 0.0289520 0.0192510 0.0260597 0.0284771 0.0298080 2.1984501 0.0116613 0.0146187 0.0236006 0.0311947 0.0173026 0.0173354 0.0366090 0.0305282 0.0116677 0.0116677 0.0277083 0.2273406 
CY031928.1 0.0062556 0.0062556 0.0062728 0.0000010 0.0062556 0.0215642 0.0163623 0.0150867 0.0138205 0.0100209 0.0151090 0.1665095 0.0125500 0.0062556 0.0075116 0.0091527 0.0065247 0.0075116 0.0075125 0.0117388 0.0215642 0.0012908 0.0000000 0.0062556 0.0075138 0.0024989 0.0037424 0.0137974 0.0074922 0.0075062 0.0201683 0.0118536 0.0279253 0.0189560 0.0306063 0.0215504 0.0214863 0.0215143 0.0254524 0.0267472 0.0227773 0.0202091 0.0292586 0.0189395 0.0725056 0.0658710 0.0682785 0.0654699 0.0215002 0.0203389 0.0189560 0.0202354 0.0189314 0.0189314 0.0202221 0.0176546 0.0189536 0.0189358 0.0253538 0.0176546 0.0253612 0.0215143 0.0189302 0.0253383 0.0189728 0.0241576 0.0228669 2.2277860 2.2319713 2.2319713 2.2361482 0.0112834 0.0037393 0.0125693 0.0176469 0.0189190 0.0125693 0.0176325 0.0163623 0.0112660 0.0227310 0.0112789 0.0585852 0.0681445 0.0214993 0.0253867 0.0202055 0.0240730 0.0240630 0.0319078 0.0280558 0.0384007 0.0202031 0.0189314 0.0202126 0.0100227 0.0332962 0.0228316 0.3304113 0.0654357 0.0437551 0.0279786 0.0410959 0.0598646 0.0100032 0.0639227 0.0049910 0.0519500 0.0049910 0.0639227 0.0766793 0.0318881 0.0698566 0.0064724 0.0049868 0.0415225 0.0626945 0.0669337 0.0651108 0.0037397 0.0572859 0.0586017 0.0668333 0.0600143 0.0600940 0.0769826 0.0640094 0.0652797 0.0185315 0.0198469 0.0264708 0.0171629 0.0250447 0.0273800 0.0286605 2.1719339 0.0100032 0.0140663 0.0228316 0.0299911 0.0166468 0.0166772 0.0351971 0.0293746 0.0112796 0.0112796 0.0267710 0.2229509 
CY031922.1 0.0000010 0.0000010 0.0113109 0.0062556 0.0000010 0.0241083 0.0202353 0.0189492 0.0176743 0.0138449 0.0189773 0.1648479 0.0163935 0.0000010 0.0012431 0.0130883 0.0104496 0.0012431 0.0012432 0.0130347 0.0241083 0.0064958 0.0062556 0.0000000 0.0012434 0.0075095 0.0049919 0.0163427 0.0112921 0.0087608 0.0240654 0.0158211 0.0318872 0.0228573 0.0345998 0.0254764 0.0254002 0.0254334 0.0306025 0.0319044 0.0267021 0.0241142 0.0332359 0.0228372 0.0768419 0.0701697 0.0725762 0.0697443 0.0254167 0.0242691 0.0228573 0.0241459 0.0228274 0.0228274 0.0241300 0.0215412 0.0228544 0.0228328 0.0292982 0.0215412 0.0293069 0.0254334 0.0228260 0.0292801 0.0228776 0.0307365 0.0294308 2.2304995 2.2346572 2.2346572 2.2388067 0.0151169 0.0100422 0.0164187 0.0215318 0.0202451 0.0164187 0.0189525 0.0176774 0.0150935 0.0266476 0.0151108 0.0628007 0.0724354 0.0254157 0.0293365 0.0241100 0.0280092 0.0279974 0.0359109 0.0332225 0.0424473 0.0241071 0.0228274 0.0241185 0.0138474 0.0384964 0.0293845 0.3281304 0.0697074 0.0478501 0.0319485 0.0451693 0.0640849 0.0138203 0.0681731 0.0113094 0.0561215 0.0113094 0.0681731 0.0810528 0.0332710 0.0741811 0.0077926 0.0113000 0.0456406 0.0669444 0.0712229 0.0694464 0.0100434 0.0614960 0.0628187 0.0711179 0.0642457 0.0643319 0.0813701 0.0682665 0.0695402 0.0239641 0.0266624 0.0333387 0.0225733 0.0318735 0.0341515 0.0354361 2.1725327 0.0138203 0.0180036 0.0293845 0.0352788 0.0205888 0.0206266 0.0404954 0.0345518 0.0151117 0.0151117 0.0319329 0.2211191 
CY031917.1 0.0012434 0.0012434 0.0125795 0.0075138 0.0012434 0.0254013 0.0215204 0.0202317 0.0189547 0.0151178 0.0202617 0.1664458 0.0176712 0.0012434 0.0024884 0.0144113 0.0117673 0.0024884 0.0024887 0.0143522 0.0254013 0.0078025 0.0075138 0.0012434 0.0000000 0.0087693 0.0062457 0.0176164 0.0125586 0.0100218 0.0253561 0.0171565 0.0331944 0.0241501 0.0359159 0.0267758 0.0266956 0.0267306 0.0319081 0.0332124 0.0280003 0.0254076 0.0345474 0.0241290 0.0782447 0.0715641 0.0739689 0.0711312 0.0267131 0.0255707 0.0241501 0.0254409 0.0241185 0.0241185 0.0254242 0.0228300 0.0228544 0.0241242 0.0306013 0.0228300 0.0306104 0.0267306 0.0241171 0.0305824 0.0241716 0.0320482 0.0307401 2.2324228 2.2365601 2.2365601 2.2406892 0.0163921 0.0113082 0.0176985 0.0228201 0.0215309 0.0176985 0.0202352 0.0189581 0.0163667 0.0279431 0.0163855 0.0641725 0.0738261 0.0267120 0.0306414 0.0254031 0.0293104 0.0292981 0.0372293 0.0345335 0.0437760 0.0254001 0.0241185 0.0254122 0.0151205 0.0398181 0.0306916 0.3302106 0.0710934 0.0491914 0.0332584 0.0465052 0.0654575 0.0150909 0.0695531 0.0125779 0.0574829 0.0125779 0.0695531 0.0824653 0.0345839 0.0755817 0.0091003 0.0125674 0.0469910 0.0683249 0.0726137 0.0708534 0.0113094 0.0628668 0.0641909 0.0725073 0.0656218 0.0657101 0.0827869 0.0696486 0.0709226 0.0253209 0.0280237 0.0347072 0.0239251 0.0332349 0.0355002 0.0367850 2.1747688 0.0150909 0.0193083 0.0306916 0.0366215 0.0218967 0.0219370 0.0418428 0.0358660 0.0163865 0.0163865 0.0332421 0.2228515 
CY031865.1 0.0074643 0.0075095 0.0037418 0.0024989 0.0074564 0.0189179 0.0149431 0.0138124 0.0125352 0.0087482 0.0138059 0.1679814 0.0112811 0.0086911 0.0087668 0.0064350 0.0038534 0.0087668 0.0087678 0.0089875 0.0189179 0.0038575 0.0024989 0.0075095 0.0087693 0.0000000 0.0049564 0.0125034 0.0061919 0.0086784 0.0187500 0.0090740 0.0266226 0.0176703 0.0292940 0.0202575 0.0201972 0.0202235 0.0227757 0.0240611 0.0214850 0.0189224 0.0279512 0.0176549 0.0709480 0.0639898 0.0667416 0.0639459 0.0202102 0.0190441 0.0176703 0.0189471 0.0176474 0.0176474 0.0189346 0.0163732 0.0176681 0.0176514 0.0240560 0.0163732 0.0240630 0.0202235 0.0176463 0.0240413 0.0176859 0.0268510 0.0255509 2.2523669 2.2565073 2.2565073 2.2606395 0.0099892 0.0062437 0.0112984 0.0163661 0.0176358 0.0112984 0.0163528 0.0150850 0.0100020 0.0214415 0.0100134 0.0572083 0.0666103 0.0200184 0.0238587 0.0189191 0.0226654 0.0227235 0.0303367 0.0252613 0.0369292 0.0187385 0.0174810 0.0187472 0.0087421 0.0305593 0.0228344 0.3321399 0.0640422 0.0420056 0.0266209 0.0396463 0.0584864 0.0087176 0.0625357 0.0074584 0.0505858 0.0075210 0.0624097 0.0752555 0.0304554 0.0684470 0.0077699 0.0075081 0.0401728 0.0607087 0.0655348 0.0636966 0.0062096 0.0557476 0.0572244 0.0693101 0.0585144 0.0587102 0.0754686 0.0651660 0.0638898 0.0213041 0.0226258 0.0292880 0.0199204 0.0278424 0.0301600 0.0314453 2.1971309 0.0087176 0.0167195 0.0228344 0.0272232 0.0153470 0.0153749 0.0324009 0.0266667 0.0099759 0.0099759 0.0239895 0.2244952 
